1010356043
497278214
181384715
957436102
605458814
429116243
304625349
580191415
68328143
542039106
549494432
1035147988
493010987
288255168
152320376
644273762
1051637796
220984231
261461743
942994641
935030589
630925076
754053251
504478655
338972092
752876803
657690603
1003847695
578359911
998903508
376132195
536345467
984396248
436308333
17290114
64944481
364059800
535029726
861510777
311777325
440786193
843507186
237337400
1066991154
682257123
1013605951
1007745471
662440992
508081179
742853454
506966062
254614724
507505767
1009817857
38681753
326894214
583775143
137630475
653960194
346377456
111161662
86029451
356968013
998309844
162618506
307715980
843821990
851842599
150806942
171560204
996361116
137590596
965140015
345615088
642986604
746082457
1014985015
460713018
50858850
820331184
754435174
194234029
618469040
346115220
134845953
382922372
738393887
906680424
1027336899
165136772
585872335
410802044
20347334
156265595
425518304
308307937
489644900
721721344
322224592
260248466
557105857
184337331
509659873
872415933
243572122
781937258
135863760
668502108
901371023
897843229
518976161
581736057
800362995
305375521
246196592
598261111
635490398
773635926
70871791
703638644
333008690
735283656
1025916139
564468417
705428670
531048198
379529415
721440911
415110917
540405567
617270605
551829021
211163838
610501194
440354165
898171258
1021595414
93408349
830396152
246675300
418085472
268121630
129895060
393219787
297638766
1010317137
857076787
811423735
786459983
1071767211
839728295
900739574
861075392
932811414
740369788
190154779
530885266
506148129
277284985
169583868
394802322
813512048
915580084
1006187624
201264604
7607673
271627321
849052831
562827068
413708432
805377128
182615591
442381073
770907936
167821939
606417521
694178482
932044333
1027590517
137156820
308137512
242387230
436361812
1007784734
269695589
170255883
831762542
76961033
578413895
296261627
901377278
388219024
314005330
1067849720
427112169
120900299
679907763
847448000
399226168
194022714
719294338
727581920
867656279
49148585
699096503
262657052
1020638245
748439402
789883991
659612427
892268737
481264118
354670641
39901217
333278516
170953037
439858784
171959181
659273600
504890843
496002193
366327144
384516053
326512739
1069041735
180361118
818877870
432599280
1034586722
916126752
680818939
1031385455
784248654
633718801
323794006
18752034
897152026
336652146
797682017
211248456
457466717
157380093
168874559
264634585
340943616
806112829
395862207
267460296
747625031
332288104
234522330
943408141
246084964
432794620
814967729
613252913
34833634
176965404
1050297000
590666725
86006683
1032623622
586332565
784551218
436860761
691686948
756608088
468600845
963449270
563644357
230930038
110713232
383403877
881412225
357341428
1030212277
167118666
1068427493
738234691
172327403
617252180
287782403
516077630
694925458
647939351
627583527
316759147
343068132
204547457
676900802
900591134
639015755
610287656
933907593
593231004
1045321173
163000418
829813710
922670184
790738357
1033010155
62103505
44075365
648641891
895117942
940887364
768056640
419988815
497039019
311489
934870917
84809963
391748300
706248766
576314831
848118829
271112798
852933629
1002376488
891821885
67023845
138090095
388611681
981450373
454175396
515148309
79593073
77910142
565632760
74663331
556468793
510460050
687112427
1017668994
219024877
759656823
631991648
772657164
633013038
858931501
327658034
261889048
463080223
717447985
576084841
444613685
249647999
400398773
469950833
230923361
757641439
484432842
742863292
543401869
718127991
252277940
209432887
475240679
710626576
527194655
1001050053
78399834
624024080
476113183
347190308
892829538
72161969
381813752
944233129
495921857
864991412
387100740
975388468
435026594
333413964
376455206
1058172980
481236269
8624110
818621328
435082171
46607160
745685328
635066656
895572296
987159526
15648489
90236103
607021784
638017835
585159232
525162538
75488718
554560760
860441400
651944800
969714121
495847681
610772468
555231932
487732442
746695087
620144002
866514753
188837611
130000735
738349727
275553514
572264589
387974948
288734789
294271724
972033212
703712893
916699096
623102886
659598115
505561575
104812740
604377705
836184180
48246086
1030660026
462197583
572340455
960991331
65487162
288574193
353246766
409252293
390035647
984240743
69352640
987447585
19165082
717701475
798743267
478340892
711458388
824342282
596471964
346310778
960357655
348173505
328293975
959614683
96456627
533103436
719604778
1060070784
1004734575
419650888
703648569
874527885
425993177
107948494
280767414
875167420
580712029
631842634
192326207
98917269
150199466
696914010
1030774184
509219317
54109746
558792733
479895768
887720569
449801452
846465521
485214937
793788927
913546258
10705897
283679858
981432595
24385348
661359257
220618710
769036486
674866669
293954309
828950227
96633871
105837962
408646337
899494737
652341782
652355755
849670022
811872807
410923009
602845621
934956011
917008021
785338584
469496696
566073241
414443906
355872836
747515263
333723469
244842414
716459371
636356544
224518174
958174320
96720363
275423299
299520450
61896397
113700411
291625724
158215884
640695661
643486477
527973694
103901370
714437222
856589568
823741785
250006002
472968028
876140638
27587950
131273933
805449259
533941089
819632228
929229353
930229865
422010113
591243892
908446718
772702548
333327748
62123647
800562337
669523539
951171326
984960420
355878506
89525183
817291488
889551494
324375396
865663178
971183007
217091233
737600074
695393418
934739973
724809866
281004428
652875761
572478164
1067938463
458923952
624483777
537347423
965766581
439230522
882184715
100730117
632677318
633234283
554792969
848323846
758478334
225422723
728063058
607680747
541057851
767096117
880735562
13789280
533953311
972593536
1056873066
229494579
151729253
125689889
292965864
695348820
465610305
629242776
909404652
173142711
638200464
811858629
1031764577
365857434
85080588
129226256
838818428
982330101
607284248
999324458
528361686
422356995
610067499
692337316
105766033
931486041
150911405
982360340
174428270
100941470
430915810
100980325
797748313
835741624
407028537
275097633
287357895
246665663
818884951
897254511
860011824
716894268
345757846
110286030
613821870
700493929
848669108
95593244
221619054
618349901
28925148
344569583
577785340
668741963
412918289
170938055
34947844
22221850
129013201
907717109
933425415
4634906
940416943
438031715
73566854
1059150294
485391444
184001838
625706758
505192518
470915230
46928954
780429714
495535675
231432592
420148501
755154
95732224
916517681
971907876
662940026
274221760
938822551
151969372
780480466
522741887
860260968
285069999
377916788
861726887
823596773
903508757
124331859
962077432
953701085
644692480
639995512
117244801
242494677
1009568819
100256691
326353561
975988778
275378278
641228928
1006204370
449523591
1066734042
410332197
703070146
582215318
574228050
566575688
426062705
310172561
118934062
394460282
793300376
512178077
898191023
421002955
588207953
968134268
221781532
467053882
444826173
648694757
690810179
463157616
45845929
472997066
644893890
433190983
8385273
627838396
671130340
915985451
351641283
943451716
925520064
660852152
102772698
158440818
1056913712
475745844
107012627
124690486
1045388446
110430724
641186517
619249680
708088836
673415921
619255339
787067102
504039263
764848634
797141609
718295275
832291230
59933137
67652373
615167515
658314850
914596104
111025682
553402117
594440623
570515134
613597816
834936404
1023914457
167389661
961924244
967654317
533553662
42721917
124291036
308969481
316553773
279165449
184565984
752415474
946927507
477914619
578961221
996305121
522895656
950500871
1069471290
824267648
1035069239
76812692
564903350
30908364
478053888
832320
114492214
827518754
560046327
81117788
923850245
589379043
3396517
294180573
968337128
881121355
1032872541
414456846
194691887
779328580
690944261
294918952
431298389
72439384
1037327395
837292277
410002593
862632486
39933208
198364009
107361852
609213482
888027124
667976664
923876614
807171433
266322968
306211
406937840
530940714
74705707
1022867386
979486492
22756596
839201324
561687718
800418041
588222361
462595729
665367266
208944610
94971741
560687081
899930749
163703821
816828515
492685924
582631280
479865795
487366741
986654093
103663748
717893810
454239079
451948137
779958856
726887314
947199551
728604419
310481047
230205454
238161391
90412683
184226734
526095888
529667627
547061522
105007401
77583880
784888727
160364872
49324191
537237003
451400056
663555074
8969443
1020799775
700644156
62120866
555609705
992775814
1036669856
831977705
455195714
1054182512
82799741
177706338
302795555
310398609
805877939
506773855
927672194
694236448
345294165
397157371
184938092
100604142
376310042
671468345
72654807
148008988
402456529
220609761
750243255
734932685
290491044
810628019
977373188
508258165
109814501
875196562
1043589810
862518440
337619620
961374201
1052448154
155874172
927296609
747124022
980186436
956147074
976014478
529404720
761621198
576642022
392984751
542432804
513668468
164257914
206186554
959452706
377623173
1032070313
412251143
970962237
926634219
847930810
488117931
154630273
421677992
936214335
300912847
461379671
881440612
657379399
209848935
132987555
282083183
277251462
771105345
337528737
46747763
753140202
149778348
598167998
482034949
1012665353
754246359
1071248168
62823208
574604877
136698433
724665382
812348187
640966734
28799325
1071664271
672968190
568152286
170126216
402768593
586678375
358432243
108953795
650908334
24833479
797360669
107684849
668916821
527739369
644948966
445253239
304382579
980801854
16997611
882237139
338410070
1032477597
715652268
686997760
562103074
167029715
813144274
760544713
152458462
1022290916
177511412
525513317
976505001
664160105
141811531
806248070
791903896
163327990
1038162449
238416598
1050270889
527233541
34972620
122546316
509314672
741568164
689966138
1055058931
900576857
799331279
983134450
160122652
856154656
1020092396
814323669
340838771
654069315
852370076
413054705
93795926
881848114
27798221
922049847
514347277
517062528
213185957
1071145532
479868974
728750373
704462675
635714957
413338388
425700802
776373276
443632296
1048216731
210975861
185078700
